99999
99999
99985
99999
99998
99996
99994
100000
99998
99998
100000
99997
99996
99999
99993
99997
99998
99998
99998
100000
99999
100000
99999
99997
100000
100000
99982
100000
100000
99995
100000
99996
99998
99995
99991
99999
99999
99996
99993
99997
99998
99991
100000
99999
100000
100000
99999
99995
99996
99994
99996
100000
100000
99997
100000
99996
99999
99998
99998
99999
100000
99999
99998
100000
99998
99998
99996
100000
99999
99999
100000
99996
99998
99999
99999
99983
99996
99998
99996
99999
99988
100000
100000
99976
99995
99999
100000
99999
99996
99992
99998
100000
99999
99998
99988
99991
99999
99996
99999
99996
99998
99991
99997
99998
99999
99999
100000
99999
100000
99996
99993
99997
99994
99999
99999
99998
99998
99998
99999
99999
100000
100000
99994
99996
99994
99998
100000
99995
99994
99995
100000
100000
99999
99999
99998
99997
99999
99999
99999
99992
99996
99999
99999
99996
99998
99998
99985
99999
99979
99999
99998
99998
99984
99997
99999
100000
99999
100000
99985
99998
99997
99994
99995
99978
100000
99998
100000
99999
99995
99995
99992
99997
99994
100000
99999
99994
99999
99999
99995
99997
99997
95575
92378
89593
89507
84997
19365
0
0
0
0
0
0
0
0
0
0
0
0
0
